110 56
0 109
54 108
74 100
82 104
12 19
43 48
30 93
51 50
20 11
81 47
107 24
16 6
75 99
62 92
66 67
106 53
35 38
98 95
97 89
94 1
64 65
94 83
69 90
60 61
42 29
21 44
13 14
7 8
76 22
86 88
15 34
87 78
79 103
31 59
77 101
73 23
72 68
57 58
46 37
41 56
36 27
17 18
2 25
105 52
102 91
96 5
70 55
80 71
39 28
49 40
9 10
3 4
32 33
3 26
45 63
84 85
0 0 0.0361373 1 0.0 -7.999999 0.0
1 718359 1.0 3 3.9545662 7.999999 -0.6011668
2 600602 1.0 2 1.6510525 7.999999 -1.1287273
3 620571 1.0 2 0.91976595 7.999999 -0.39246732
4 620572 1.0 3 0.70555866 7.999999 -1.2256373
5 607261 1.0 3 2.6316006 7.999999 -1.0366663
6 678942 1.0 3 0.41190127 7.999999 0.9112285
7 666656 1.0 2 2.827997 7.999999 0.049314916
8 666662 1.0 3 3.931202 7.999999 0.73867965
9 731690 1.0 2 5.1386685 7.999999 -2.365181
10 731691 1.0 3 7.2671742 7.999999 -3.344871
11 45 0.0454044 2 0.0 -7.8461666 0.0
12 1030200 0.0625847 1 0.08480593 -7.5609756 0.9963975
13 708159 1.0 2 2.827997 7.999999 0.049314916
14 708160 1.0 3 3.9664354 7.999999 0.51709324
15 668741 1.0 2 0.0 7.999999 0.0
16 678941 1.0 2 0.0 7.999999 0.0
17 618077 1.0 2 1.6510525 7.999999 -1.1287273
18 618078 1.0 3 2.3349407 7.999999 -1.5962614
19 1030240 0.0872795 2 0.0 -7.151045 0.0
20 100 0.0314943 1 0.5599748 -8.077072 0.8285097
21 697959 1.0 2 2.827997 7.999999 0.049314916
22 636263 1.0 3 2.703819 7.999999 0.83027786
23 709242 1.0 3 0.3592601 7.999999 -2.805518
24 5756 0.04409 2 0.5599748 -7.8679852 0.8285097
25 600702 1.0 3 2.4207706 7.999999 -1.4628289
26 620671 1.0 3 0.7731707 7.999999 -1.1841482
27 681089 1.0 3 2.2417643 7.999999 -1.7246714
28 731790 1.0 3 5.1386685 7.999999 -2.365181
29 738458 1.0 3 5.652626 7.999999 -0.21865956
30 1030300 0.0440953 1 0.6919389 -7.8678975 0.7219561
31 699042 1.0 2 0.17963007 7.999999 -1.4027591
32 610471 1.0 2 0.91976595 7.999999 -0.39246732
33 610472 1.0 3 0.63572663 7.999999 -1.2632703
34 668841 1.0 3 0.25197807 7.999999 0.96773297
35 656556 1.0 2 1.9996959 7.999999 0.034871154
36 680989 1.0 2 1.6510525 7.999999 -1.1287273
37 641202 1.0 3 2.716983 7.999999 -2.935643
38 656563 1.0 3 2.7680666 7.999999 -0.58120996
39 721590 1.0 2 3.6335871 7.999999 -1.6724355
40 648377 1.0 3 3.7979934 7.999999 -1.2550868
41 506554 1.0 2 1.6510525 7.999999 -1.1287273
42 728258 1.0 2 3.9911015 7.999999 -0.26665604
43 1020100 0.046784 1 0.80399716 -7.823265 0.59463316
44 698059 1.0 3 3.9891891 7.999999 0.29387987
45 600270 1.0 2 0.91976595 7.999999 -0.39246732
46 631002 1.0 2 1.921197 7.999999 -2.075813
47 6363 0.0610919 2 0.0 -7.585756 0.0
48 612060 0.063652 2 0.0 -7.5432587 0.0
49 638177 1.0 2 2.685587 7.999999 -0.8874804
50 601959 0.0545767 2 0.0 -7.6939073 0.0
51 1020200 0.039938 1 0.89292586 -7.936908 0.45020378
52 628179 1.0 3 2.4989836 7.999999 -1.3247938
53 640771 1.0 3 1.8759624 7.999999 0.693372
54 587538 0.797511 2 0.0 4.638707 0.0
55 721691 1.0 3 3.6335871 7.999999 -1.6724355
56 506654 1.0 3 2.1415343 7.999999 -1.8476549
57 640288 1.0 2 1.6510525 7.999999 -1.1287273
58 640289 1.0 3 2.0345666 7.999999 -1.964825
59 719138 1.0 3 0.25403526 7.999999 -1.9838008
60 728359 1.0 2 3.9911015 7.999999 -0.26665604
61 728360 1.0 3 5.631473 7.999999 -0.535261
62 630571 1.0 2 0.91976595 7.999999 -0.39246732
63 600370 1.0 3 0.56389433 7.999999 -1.2969283
64 676660 1.0 2 2.7461195 7.999999 0.67736727
65 676661 1.0 3 3.8835993 7.999999 0.95794195
66 646456 1.0 2 1.9996959 7.999999 0.034871154
67 646462 1.0 3 2.7311232 7.999999 -0.7355024
68 631103 1.0 3 1.921197 7.999999 -2.075813
69 667456 1.0 2 2.827997 7.999999 0.049314916
70 711490 1.0 2 2.5693343 7.999999 -1.1825905
71 638279 1.0 3 2.685587 7.999999 -0.8874804
72 630089 1.0 2 1.6510525 7.999999 -1.1287273
73 708938 1.0 2 0.25403526 7.999999 -1.9838008
74 606350 0.908151 2 0.91976595 6.475317 -0.39246732
75 636261 1.0 2 1.4139986 7.999999 0.02465763
76 636262 1.0 2 1.9996959 7.999999 0.034871154
77 620903 1.0 2 1.6510525 7.999999 -1.1287273
78 699242 1.0 3 0.17963007 7.999999 -1.4027591
79 486252 1.0 2 1.1674705 7.999999 -0.79813075
80 628079 1.0 2 1.6510525 7.999999 -1.1287273
81 10100 0.0482628 1 0.29282257 -7.7987175 -0.9561668
82 588864 0.927893 2 0.91976595 6.803032 -0.39246732
83 728459 1.0 3 3.9911015 7.999999 -0.26665604
84 630671 1.0 2 0.91976595 7.999999 -0.39246732
85 630672 1.0 3 0.8383501 7.999999 -1.1389333
86 689041 1.0 2 0.0 7.999999 0.0
87 689042 1.0 2 0.12701765 7.999999 -0.99190044
88 689043 1.0 3 0.12701765 7.999999 -0.99190044
89 676760 1.0 3 2.7461195 7.999999 0.67736727
90 667556 1.0 3 3.9993916 7.999999 0.06974182
91 711590 1.0 3 2.5693343 7.999999 -1.1825905
92 650667 1.0 3 1.3265058 7.999999 0.49028808
93 1025452 0.0591512 2 0.0 -7.6179714 0.0
94 718259 1.0 2 2.827997 7.999999 0.049314916
95 718260 1.0 3 2.827997 7.999999 0.049314916
96 607161 1.0 2 1.6510525 7.999999 -1.1287273
97 666560 1.0 2 1.9996959 7.999999 0.034871154
98 666562 1.0 2 1.9996959 7.999999 0.034871154
99 666563 1.0 3 1.9996959 7.999999 0.034871154
100 636361 1.0 3 1.4139986 7.999999 0.02465763
101 621003 1.0 3 1.8017828 7.999999 -2.18027
102 701390 1.0 2 1.6510525 7.999999 -1.1287273
103 701391 1.0 3 1.6510525 7.999999 -1.1287273
104 486352 1.0 3 1.1674705 7.999999 -0.79813075
105 628177 1.0 2 1.6510525 7.999999 -1.1287273
106 640467 1.0 2 1.3265058 7.999999 0.49028808
107 10200 0.0357517 1 0.7919239 -8.0064 1.1716896
108 630771 1.0 3 0.91976595 7.999999 -0.39246732
109 689141 1.0 3 0.0 7.999999 0.0
