125 64
0 124
69 118
82 110
25 120
35 121
12 22
39 54
41 103
75 86
23 8
92 94
115 30
10 119
105 3
2 117
72 95
60 61
26 27
84 85
83 76
14 99
122 112
107 5
111 9
111 102
98 96
101 93
42 87
70 59
64 65
37 38
7 1
70 71
104 28
80 100
113 11
77 78
73 46
20 21
123 114
33 34
90 79
90 91
56 57
31 19
50 51
97 63
4 32
62 24
89 88
44 68
66 55
52 53
29 18
43 67
15 45
109 6
16 17
108 106
116 13
81 74
36 58
48 49
47 40
0 0 0.0360497 1 0.0 -3.9999995 0.0
1 741890 1.0 3 -2.9862123 3.999999 2.6613028
2 586759 1.0 2 0.30172062 3.999999 0.9533964
3 615959 1.0 3 -0.42669716 3.999999 -1.3483062
4 620572 1.0 2 0.9642535 3.999999 0.2649815
5 678941 1.0 3 0.8874393 3.999999 -1.7923312
6 666661 1.0 3 -1.242404 3.999999 -0.6755978
7 731690 1.0 2 -1.9613235 3.999999 2.0379422
8 45 0.0453216 2 0.0 -3.9230504 0.0
9 621103 1.0 3 -0.72268915 3.999999 1.2156152
10 576561 0.991771 2 0.0 3.931705 0.0
11 701491 1.0 3 -1.9868039 3.999999 0.22936788
12 1030200 0.0626281 1 0.63624245 -3.7794206 0.77148914
13 708159 1.0 3 -0.8874392 3.999999 -1.7923312
14 668739 1.0 2 0.51101846 3.999999 -0.8595697
15 656461 1.0 2 -0.6362425 3.999999 -0.77148914
16 656462 1.0 2 -1.3309729 3.999999 -0.47802818
17 656463 1.0 3 -1.8822799 3.999999 -0.6760339
18 506451 1.0 3 2.77669 3.999999 -0.5385077
19 648278 1.0 3 -0.45570585 3.999999 1.947391
20 610903 1.0 2 0.0 3.999999 0.0
21 610904 1.0 3 0.74655324 3.999999 0.66532564
22 1030240 0.0873223 2 0.0 -3.5744789 0.0
23 100 0.031539 1 0.8393654 -4.0374346 0.54356754
24 640870 1.0 3 1.9285069 3.999999 0.52996296
25 578663 0.879291 2 0.0 2.9982133 0.0
26 586859 1.0 2 0.30172062 3.999999 0.9533964
27 586860 1.0 3 0.108256996 3.999999 1.410064
28 709241 1.0 3 1.9613228 3.999999 -2.037943
29 496251 1.0 2 1.9634165 3.999999 -0.38078249
30 5756 0.0440861 2 0.8393654 -3.933304 0.54356754
31 638078 1.0 2 -0.21587828 3.999999 1.3976396
32 620672 1.0 3 1.4048827 3.999999 0.16218685
33 607876 1.0 2 0.0 3.999999 0.0
34 607877 1.0 3 0.9992662 3.999999 -0.03830275
35 526956 0.926956 2 0.0 3.3937936 0.0
36 687757 1.0 2 -0.8997825 3.999999 -1.0910506
37 731791 1.0 2 -1.9613235 3.999999 2.0379422
38 731792 1.0 3 -2.5449696 3.999999 3.0859563
39 1020100 0.046719 1 0.94114006 -3.911453 -0.3380169
40 738458 1.0 3 -1.9613222 3.999999 -2.0379436
41 1030300 0.0441904 1 0.8785122 -3.9324384 -0.47771996
42 699041 1.0 2 1.2724847 3.999999 -1.5429784
43 590502 1.0 2 0.0 3.999999 0.0
44 610471 1.0 2 0.9642535 3.999999 0.2649815
45 656562 1.0 3 -1.3309729 3.999999 -0.47802818
46 641203 1.0 3 -2.7273202 3.999999 0.7494819
47 728258 1.0 2 -1.4931056 3.999999 -1.3306521
48 728259 1.0 2 -1.4931056 3.999999 -1.3306521
49 728260 1.0 3 -2.249427 3.999999 -1.714665
50 658639 1.0 2 0.51101846 3.999999 -0.8595697
51 658640 1.0 3 0.42669693 3.999999 -1.3483062
52 646362 1.0 2 -0.6362425 3.999999 -0.77148914
53 646363 1.0 3 -1.3883451 3.999999 -0.26925397
54 612060 0.0635624 2 0.0 -3.7716665 0.0
55 496352 1.0 3 1.9634165 3.999999 -0.38078249
56 638178 1.0 2 -0.21587828 3.999999 1.3976396
57 638179 1.0 3 -0.15309756 3.999999 1.9941316
58 687857 1.0 3 -1.1506367 3.999999 -1.635859
59 731891 1.0 3 -1.9613235 3.999999 2.0379422
60 576759 1.0 2 0.30172062 3.999999 0.9533964
61 576760 1.0 3 0.32223353 3.999999 1.3770132
62 640770 1.0 2 1.3636603 3.999999 0.37474042
63 640771 1.0 3 1.3636603 3.999999 0.37474042
64 699140 1.0 2 1.6272466 3.999999 -2.3134534
65 699142 1.0 3 2.301274 3.999999 -3.271717
66 486152 1.0 2 1.3883451 3.999999 -0.26925388
67 590602 1.0 3 0.79529285 3.999999 -0.60622543
68 610571 1.0 3 1.290475 3.999999 0.5785104
69 587537 0.758741 2 0.0 1.997747 0.0
70 721691 1.0 2 -1.4931062 3.999999 1.3306514
71 721692 1.0 3 -2.3740835 3.999999 1.5374415
72 566558 1.0 2 0.30172062 3.999999 0.9533964
73 631003 1.0 2 -1.8822799 3.999999 0.6760339
74 728359 1.0 3 -1.4931056 3.999999 -1.3306521
75 1020200 0.0401005 1 0.15264909 -3.9663813 -0.9882805
76 676661 1.0 3 -1.2363448E-7 3.999999 -1.4142135
77 631103 1.0 2 -1.8822799 3.999999 0.6760339
78 631104 1.0 3 -2.5809493 3.999999 1.1570215
79 638278 1.0 3 -0.21587828 3.999999 1.3976396
80 630088 1.0 2 -1.2424036 3.999999 0.67559844
81 718159 1.0 2 -0.8997825 3.999999 -1.0910506
82 606351 0.869676 2 0.0 2.9184165 0.0
83 666461 1.0 2 -0.6362425 3.999999 -0.77148914
84 636255 1.0 2 -0.6362425 3.999999 -0.77148914
85 636262 1.0 3 -0.21587865 3.999999 -1.3976395
86 601959 0.0550658 2 0.0 -3.8421814 0.0
87 699240 1.0 3 1.6272466 3.999999 -2.3134534
88 486252 1.0 3 1.3883451 3.999999 -0.26925388
89 476050 1.0 2 0.9817083 3.999999 -0.19039124
90 628078 1.0 2 -0.22785294 3.999999 0.9736956
91 628079 1.0 3 -0.52865624 3.999999 1.3116869
92 10100 0.0484152 1 -0.9992662 -3.897376 -0.038302097
93 721791 1.0 3 -1.4931062 3.999999 1.3306514
94 6464 0.0610949 2 0.0 -3.7921448 0.0
95 566658 1.0 3 0.5286572 3.999999 1.3116865
96 719238 1.0 3 1.2724847 3.999999 -1.5429784
97 630670 1.0 2 0.9642535 3.999999 0.2649815
98 689040 1.0 2 0.8136231 3.999999 -1.1567271
99 689042 1.0 3 0.8136231 3.999999 -1.1567271
100 631203 1.0 3 -1.8822799 3.999999 0.6760339
101 711591 1.0 2 -1.2424036 3.999999 0.67559844
102 711592 1.0 3 -1.2424036 3.999999 0.67559844
103 1025452 0.0591872 2 0.0 -3.8079772 0.0
104 709038 1.0 2 1.2724847 3.999999 -1.5429784
105 615859 1.0 2 -0.6362425 3.999999 -0.77148914
106 718260 1.0 3 -0.8997825 3.999999 -1.0910506
107 678841 1.0 2 0.8136231 3.999999 -1.1567271
108 666555 1.0 2 -0.6362425 3.999999 -0.77148914
109 666561 1.0 2 -0.6362425 3.999999 -0.77148914
110 666562 1.0 3 -0.6362425 3.999999 -0.77148914
111 621003 1.0 2 -0.8393653 3.999999 0.5435677
112 621004 1.0 3 -0.8393653 3.999999 0.5435677
113 701391 1.0 2 -1.2424036 3.999999 0.67559844
114 628178 1.0 3 -0.22785294 3.999999 0.9736956
115 10200 0.0358115 1 1.187042 -4.0019765 0.7687205
116 708059 1.0 2 -0.8997825 3.999999 -1.0910506
117 596959 1.0 3 0.72268957 3.999999 1.2156149
118 668839 1.0 3 0.51101846 3.999999 -0.8595697
119 586959 1.0 3 0.30172062 3.999999 0.9533964
120 630772 1.0 3 0.9642535 3.999999 0.2649815
121 476150 1.0 3 0.9817083 3.999999 -0.19039124
122 617975 1.0 2 0.0 3.999999 0.0
123 617978 1.0 2 0.0 3.999999 0.0
124 617979 1.0 3 0.0 3.999999 0.0
