99 52
0 97
58 76
77 61
7 91
22 86
94 93
72 84
45 69
52 88
96 87
13 82
42 15
71 74
60 83
32 75
2 10
23 2
89 2
50 68
43 33
34 53
14 3
4 26
85 81
12 24
65 57
65 66
39 40
19 9
55 56
62 54
62 63
36 37
35 27
95 21
5 6
8 47
64 78
28 29
25 46
98 44
92 18
31 51
70 80
90 38
41 59
16 17
11 30
79 1
73 20
48 67
48 49
0 0 0.0252063 1 0.0 -2.8284268 0.0
1 621571 1.0 3 -1.160113 2.8284268 1.6291523
2 6665 0.0285069 2 0.18925124 -2.809273 0.9819287
3 461841 1.0 3 -9.2161844E-7 2.8284268 -2.8284268
4 609812 1.0 2 -0.9974521 2.8284268 0.071339525
5 777752 1.0 2 0.74332416 2.8284268 -1.8567361
6 777753 1.0 3 1.0512191 2.8284268 -2.625821
7 323930 0.19583 2 0.0 -1.8382754 0.0
8 507936 1.0 2 0.0 2.8284268 0.0
9 729128 1.0 3 2.7996376 2.8284268 0.40252718
10 42 0.0290489 2 0.0 -2.8061278 0.0
11 611371 1.0 2 -0.58748484 2.8284268 1.2864143
12 201225 1.0 2 0.54064083 2.8284268 0.8412535
13 1030200 0.0521122 1 0.86602545 -2.6722884 0.49999997
14 451641 1.0 2 -6.516827E-7 2.8284268 -1.9999999
15 652864 0.0479975 2 0.0 -2.6961665 0.0
16 856131 1.0 2 -1.939821 2.8284268 0.48692283
17 856132 1.0 3 -2.7433212 2.8284268 0.6886128
18 737351 1.0 3 -0.26764226 2.8284268 -1.3886567
19 718928 1.0 2 1.9977345 2.8284268 0.09516402
20 772689 1.0 3 -2.5820675 2.8284268 1.1545238
21 688727 1.0 3 1.3743491 2.8284268 -0.33341354
22 577627 0.264418 2 0.0 -1.4402504 0.0
23 100 0.0201948 1 0.13442954 -2.8575091 1.4078099
24 201325 1.0 3 0.64803016 2.8284268 1.2570032
25 762488 1.0 2 -1.7476984 2.8284268 0.9723939
26 609913 1.0 3 -1.1454407 2.8284268 -0.8294369
27 777852 1.0 3 0.74332416 2.8284268 -1.8567361
28 508036 1.0 2 0.7557496 2.8284268 0.65486073
29 508037 1.0 3 1.0687913 2.8284268 0.9261129
30 611473 1.0 3 -0.83082896 2.8284268 1.8192643
31 191125 1.0 2 0.54064083 2.8284268 0.8412535
32 1030300 0.0330014 1 0.90963197 -2.783191 -0.41541502
33 451742 1.0 3 -6.516827E-7 2.8284268 -1.9999999
34 599712 1.0 2 -0.9974521 2.8284268 0.071339525
35 767652 1.0 2 0.39842942 2.8284268 -1.3569281
36 767653 1.0 2 0.39842942 2.8284268 -1.3569281
37 767654 1.0 3 0.37850153 2.8284268 -1.9638574
38 856231 1.0 3 -1.939821 2.8284268 0.48692283
39 719028 1.0 2 1.9977345 2.8284268 0.09516402
40 719029 1.0 3 2.8252232 2.8284268 -0.13458182
41 601273 1.0 2 -0.58748484 2.8284268 1.2864143
42 1020100 0.0349272 1 0.8145759 -2.772015 -0.58005697
43 441542 1.0 2 -4.6080928E-7 2.8284268 -1.4142135
44 580807 1.0 3 -1.9233958 2.8284268 -0.5482228
45 763201 0.278832 2 -1.2358094 -1.3566042 0.6875863
46 762588 1.0 3 -2.3423593 2.8284268 1.5853553
47 508136 1.0 3 0.7557496 2.8284268 0.65486073
48 570607 1.0 2 -1.4066992 2.8284268 -0.14559326
49 570608 1.0 3 -1.994904 2.8284268 0.14267905
50 835830 1.0 2 -1.2358094 2.8284268 0.6875863
51 191225 1.0 3 0.8742088 2.8284268 1.1116469
52 569603 0.336078 2 -0.9974521 -1.0243982 0.071339525
53 599812 1.0 3 -1.2720691 2.8284268 -0.61793226
54 767753 1.0 3 0.39842942 2.8284268 -1.3569281
55 497936 1.0 2 0.0 2.8284268 0.0
56 497937 1.0 3 0.69007885 2.8284268 -0.7237342
57 719128 1.0 3 1.9977345 2.8284268 0.09516402
58 687236 0.166738 2 0.0 -2.0071 0.0
59 601373 1.0 3 -0.47151658 2.8284268 1.9436233
60 1020200 0.0249764 1 -0.3716627 -2.829761 -0.92836785
61 441642 1.0 3 -4.6080928E-7 2.8284268 -1.4142135
62 757553 1.0 2 0.18925102 2.8284268 -0.98192877
63 757554 1.0 3 0.7645812 2.8284268 -1.1897124
64 487736 1.0 2 0.0 2.8284268 0.0
65 708928 1.0 2 1.3998189 2.8284268 0.2012636
66 708929 1.0 3 1.8900015 2.8284268 0.6541359
67 570707 1.0 3 -1.989373 2.8284268 -0.20589995
68 835930 1.0 3 -1.436473 2.8284268 1.3915979
69 782687 1.0 3 -1.7476984 2.8284268 0.9723939
70 580972 1.0 2 -0.4154145 2.8284268 0.9096322
71 10100 0.0457749 1 -0.69007933 -2.7090645 -0.7237337
72 692611 0.278079 2 -0.9974521 -1.3609738 0.071339525
73 772487 1.0 2 -1.7476984 2.8284268 0.9723939
74 10127 0.0548453 2 0.0 -2.6564279 0.0
75 1027472 0.0371184 2 0.0 -2.7592993 0.0
76 757653 1.0 3 0.18925102 2.8284268 -0.98192877
77 553540 0.181366 2 0.18925102 -1.9222119 -0.98192877
78 487836 1.0 3 -0.5406411 2.8284268 -0.84125334
79 621471 1.0 2 -0.58748484 2.8284268 1.2864143
80 621472 1.0 3 -0.58748484 2.8284268 1.2864143
81 709028 1.0 3 1.3998189 2.8284268 0.2012636
82 1025453 0.0711878 2 0.0 -2.5615902 0.0
83 581557 0.0329705 2 0.0 -2.7833703 0.0
84 866231 1.0 3 -1.2358094 2.8284268 0.6875863
85 698828 1.0 2 0.99886733 2.8284268 0.047581896
86 698829 1.0 3 0.99886733 2.8284268 0.047581896
87 581072 1.0 3 -0.4154145 2.8284268 0.9096322
88 590806 1.0 3 -1.4066992 2.8284268 -0.14559326
89 10200 0.0252863 1 0.39843002 -2.8279626 1.356928
90 856031 1.0 2 -1.2358094 2.8284268 0.6875863
91 211425 1.0 3 0.54064083 2.8284268 0.8412535
92 737251 1.0 2 0.18925102 2.8284268 -0.98192877
93 620012 1.0 3 -0.9974521 2.8284268 0.071339525
94 660974 0.26616 2 0.0 -1.4301413 0.0
95 688627 1.0 2 0.99886733 2.8284268 0.047581896
96 518645 0.631216 2 0.0 0.68832564 0.0
97 518136 1.0 3 0.0 2.8284268 0.0
98 580606 1.0 2 -1.4066992 2.8284268 -0.14559326
