70 35
0 69
31 66
54 19
12 56
9 28
14 51
6 34
22 48
33 26
53 44
65 32
59 27
15 67
52 60
1 50
68 47
42 18
62 39
40 8
21 3
5 57
64 41
63 49
58 35
46 25
13 43
17 16
61 37
11 7
55 30
36 10
45 23
29 4
20 2
38 24
0 0 0.0178531 1 0.0 -3.9999995 0.0
1 1020100 0.0237111 1 0.1736482 -3.9522836 0.9848077
2 599813 1.0 3 0.8649584 3.9999995 1.8032876
3 550406 1.0 3 2.1060548 3.9999995 1.8879968
4 201224 1.0 3 -1.7320503 3.9999995 -1.0000006
5 431241 1.0 2 0.3420202 3.9999995 -0.9396926
6 692612 0.251361 2 1.0530275 -2.0979795 0.94399846
7 620013 1.0 3 1.886735 3.9999995 0.66349894
8 611473 1.0 3 2.7398732 3.9999995 -0.7022059
9 660975 0.225293 2 0.9063078 -2.3103144 0.42261824
10 191124 1.0 3 -1.2247446 3.9999995 -0.7071072
11 609813 1.0 2 1.0530275 3.9999995 0.94399846
12 629145 0.173827 2 0.0 -2.7295265 0.0
13 678425 1.0 2 0.0 3.9999995 0.0
14 773403 0.250463 2 0.9063078 -2.1052942 0.42261824
15 1030300 0.0276224 1 0.64278764 -3.9204245 -0.76604444
16 866333 1.0 3 3.442079 3.9999995 2.0376673
17 856133 1.0 2 2.4339175 3.9999995 1.4408484
18 621471 1.0 3 1.937383 3.9999995 -0.49653456
19 181024 1.0 3 -0.8660252 3.9999995 -0.5000003
20 599713 1.0 2 1.0530275 3.9999995 0.94399846
21 550306 1.0 2 1.3511804 3.9999995 1.4745545
22 569605 0.307936 2 1.0530275 -1.6371524 0.94399846
23 729127 1.0 3 2.4494894 3.9999995 -1.4142135
24 591272 1.0 3 1.9970258 3.9999995 -0.10902918
25 856233 1.0 3 2.4339175 3.9999995 1.4408484
26 1025453 0.0563521 2 0.0 -3.686409 0.0
27 46 0.0204564 2 0.0 -3.9787946 0.0
28 601373 1.0 3 1.3977542 3.9999995 -0.21513496
29 191024 1.0 2 -1.2247446 3.9999995 -0.7071072
30 719028 1.0 3 1.7320507 3.9999995 -1.0
31 494356 0.0824666 2 0.0 -3.4736953 0.0
32 459145 0.0218253 2 0.0 -3.9676442 0.0
33 1030200 0.040982 1 1.509958E-7 -3.811605 -1.0
34 846132 1.0 3 1.7210397 3.9999995 1.0188336
35 590907 1.0 3 2.4002845 3.9999995 3.199786
36 180924 1.0 2 -0.8660252 3.9999995 -0.5000003
37 708928 1.0 3 1.2247448 3.9999995 -0.7071068
38 591172 1.0 2 1.3977542 3.9999995 -0.21513496
39 782789 1.0 3 1.9799241 3.9999995 0.28266612
40 611271 1.0 2 1.937383 3.9999995 -0.49653456
41 580808 1.0 3 1.6972576 3.9999995 2.2625904
42 601273 1.0 2 1.3977542 3.9999995 -0.21513496
43 698828 1.0 3 0.8660254 3.9999995 -0.50000006
44 7373 0.0401205 2 0.0 -3.818622 0.0
45 718927 1.0 2 1.7320507 3.9999995 -1.0
46 846032 1.0 2 1.7210397 3.9999995 1.0188336
47 772690 1.0 3 1.4000179 3.9999995 0.19987513
48 570708 1.0 3 1.3511804 3.9999995 1.4745545
49 451541 1.0 3 0.6840404 3.9999995 -1.8793851
50 1020118 0.0249463 2 0.0 -3.9422224 0.0
51 609913 1.0 3 1.0530275 3.9999995 0.94399846
52 10200 0.0206369 1 -0.34201995 -3.9773242 -0.9396927
53 10100 0.0328552 1 -0.6427874 -3.8778012 -0.7660446
54 344538 0.139058 2 0.0 -3.0127347 0.0
55 708828 1.0 2 1.2247448 3.9999995 -0.7071068
56 762589 1.0 3 0.9063078 3.9999995 0.42261824
57 441441 1.0 3 0.48368964 3.9999995 -1.328926
58 580707 1.0 2 1.6972576 3.9999995 2.2625904
59 100 0.0146957 1 -0.98480767 -4.0257177 -0.1736486
60 7271 0.0227535 2 0.0 -3.9600837 0.0
61 698728 1.0 2 0.8660254 3.9999995 -0.50000006
62 772589 1.0 2 1.4000179 3.9999995 0.19987513
63 441341 1.0 2 0.48368964 3.9999995 -1.328926
64 570608 1.0 2 1.3511804 3.9999995 1.4745545
65 1020200 0.0148312 1 -0.98480785 -4.0246143 0.17364769
66 431341 1.0 3 0.3420202 3.9999995 -0.9396926
67 1028381 0.0298481 2 0.0 -3.902295 0.0
68 762489 1.0 2 0.9063078 3.9999995 0.42261824
69 678525 1.0 3 0.0 3.9999995 0.0
