85 44
0 84
52 82
40 83
66 70
44 65
57 55
72 64
81 35
12 60
38 78
3 1
77 2
76 30
11 9
25 19
69 25
61 25
23 4
54 29
32 13
47 20
16 17
24 6
62 27
42 43
26 5
8 14
68 41
80 56
8 79
73 7
33 34
18 51
53 31
71 46
37 22
45 36
50 10
63 28
48 15
39 21
74 59
75 58
67 49
0 0 0.0218664 1 0.0 -2.8284268 0.0
1 663065 0.0438472 2 0.0 -2.701305 0.0
2 7272 0.043207 2 0.0 -2.7050076 0.0
3 1020100 0.0319761 1 0.120536685 -2.7699592 0.99270886
4 599813 1.0 3 -1.7943352 2.8284268 -2.1864033
5 767753 1.0 3 1.7709118 2.8284268 -0.9294465
6 201324 1.0 3 -1.1638747 2.8284268 0.8033652
7 782788 1.0 3 -1.9138803 2.8284268 -0.58057
8 191124 1.0 2 -0.9350162 2.8284268 0.35460505
9 1027472 0.0349465 2 0.0 -2.7527804 0.0
10 611473 1.0 3 -0.8210495 2.8284268 -2.7066355
11 1030300 0.0309903 1 0.3546049 -2.7756605 0.9350162
12 569603 0.322039 2 -0.99999994 -1.0924345 -1.0
13 757652 1.0 3 0.5014865 2.8284268 -1.3223128
14 191125 1.0 3 -1.3223126 2.8284268 0.50148726
15 719127 1.0 3 1.6067296 2.8284268 2.3277497
16 777752 1.0 2 0.66312265 2.8284268 -0.7485108
17 777753 1.0 3 0.80336446 2.8284268 -1.1638752
18 678426 1.0 2 0.0 2.8284268 0.0
19 47 0.0262985 2 0.0 -2.8027947 0.0
20 866332 1.0 3 -2.8148072 2.8284268 -0.27723506
21 601373 1.0 3 -0.27723467 2.8284268 -2.8148072
22 621472 1.0 3 -0.39018095 2.8284268 -1.9615704
23 599713 1.0 2 -1.4142137 2.8284268 -1.4142132
24 201123 1.0 2 -0.9350162 2.8284268 0.35460505
25 6564 0.0261519 2 0.9350163 -2.8036425 0.35460487
26 767653 1.0 2 1.2522238 2.8284268 -0.657218
27 767654 1.0 3 1.2522238 2.8284268 -0.657218
28 729127 1.0 3 2.1171079 2.8284268 1.8755938
29 856232 1.0 3 -1.9903693 2.8284268 -0.1960348
30 571356 0.0314189 2 0.0 -2.7731817 0.0
31 620012 1.0 3 -2.1864035 2.8284268 -1.794335
32 757552 1.0 2 0.66312265 2.8284268 -0.7485108
33 757553 1.0 2 0.66312265 2.8284268 -0.7485108
34 757554 1.0 3 0.17046387 2.8284268 -1.4039024
35 846131 1.0 3 -1.4074037 2.8284268 -0.13861755
36 719028 1.0 3 1.3262453 2.8284268 1.4970213
37 580972 1.0 2 -0.27589962 2.8284268 -1.3870398
38 1030200 0.0444421 1 1.0 -2.6978645 -1.6292068E-7
39 601273 1.0 2 -0.39018095 2.8284268 -1.9615704
40 687034 0.155877 2 0.0 -2.0534015 0.0
41 590907 1.0 3 -1.7638425 2.8284268 -0.9427933
42 747452 1.0 2 0.66312265 2.8284268 -0.7485108
43 747453 1.0 3 1.373119 2.8284268 -0.33844364
44 639348 0.185608 2 0.0 -1.8814578 0.0
45 708927 1.0 2 0.9377971 2.8284268 1.0585539
46 708929 1.0 3 0.9377971 2.8284268 1.0585539
47 856132 1.0 2 -1.9903693 2.8284268 -0.1960348
48 719027 1.0 2 1.3262453 2.8284268 1.4970213
49 441542 1.0 3 2.1171074 2.8284268 -1.8755944
50 611272 1.0 2 -0.39018095 2.8284268 -1.9615704
51 698828 1.0 3 0.6631227 2.8284268 0.7485107
52 354739 0.148436 2 0.0 -2.096435 0.0
53 609812 1.0 2 -1.4142137 2.8284268 -1.4142132
54 846031 1.0 2 -1.4074037 2.8284268 -0.13861755
55 581072 1.0 3 -0.27589962 2.8284268 -1.3870398
56 772689 1.0 3 -1.3533179 2.8284268 -0.410525
57 661075 0.237352 2 -0.7071069 -1.582206 -0.70710665
58 570708 1.0 3 -0.9427935 2.8284268 -1.7638423
59 451641 1.0 3 1.4970211 2.8284268 -1.3262455
60 609913 1.0 3 -1.4142137 2.8284268 -1.4142132
61 10200 0.0230186 1 1.252224 -2.8217633 0.6572177
62 767652 1.0 2 0.66312265 2.8284268 -0.7485108
63 718927 1.0 2 1.3262453 2.8284268 1.4970213
64 580808 1.0 3 -0.99999994 2.8284268 -1.0
65 762589 1.0 3 -0.7071069 2.8284268 -0.70710665
66 553440 0.172339 2 0.66312265 -1.9581965 -0.7485108
67 441441 1.0 2 1.4970211 2.8284268 -1.3262455
68 580707 1.0 2 -0.99999994 2.8284268 -1.0
69 100 0.0187129 1 1.3731191 -2.8466644 0.33844337
70 431441 1.0 3 1.0585538 2.8284268 -0.93779725
71 698728 1.0 2 0.6631227 2.8284268 0.7485107
72 692611 0.263594 2 -0.7071069 -1.4304403 -0.70710665
73 772588 1.0 2 -1.3533179 2.8284268 -0.410525
74 431341 1.0 2 1.0585538 2.8284268 -0.93779725
75 570608 1.0 2 -0.99999994 2.8284268 -1.0
76 1020200 0.0235441 1 -0.6631228 -2.8187242 0.74851066
77 10100 0.035195 1 -0.4647232 -2.7513433 0.885456
78 1025150 0.0638947 2 0.0 -2.585364 0.0
79 191224 1.0 3 -1.4039023 2.8284268 0.1704647
80 762489 1.0 2 -0.7071069 2.8284268 -0.70710665
81 773402 0.264032 2 -0.7071069 -1.4279071 -0.70710665
82 211323 1.0 3 -0.9350162 2.8284268 0.35460505
83 777852 1.0 3 0.66312265 2.8284268 -0.7485108
84 678526 1.0 3 0.0 2.8284268 0.0
