100 51
0 99
64 78
98 95
70 89
15 93
21 87
71 85
38 69
27 90
11 79
63 59
13 3
44 25
62 72
24 7
77 81
40 65
94 2
20 43
91 8
66 60
66 67
18 6
30 50
96 16
45 5
42 57
4 32
86 1
88 23
83 75
34 52
55 56
92 10
9 36
74 68
58 51
28 19
31 35
80 37
82 22
41 29
61 33
26 46
53 47
97 17
83 84
12 39
54 73
76 14
48 49
0 0 0.0263908 1 0.0 -3.9999995 0.0
1 627207 1.0 3 -0.1304877 3.9999995 -1.4081807
2 6160 0.0319516 2 0.0 -3.9543073 0.0
3 1025554 0.073417 2 0.0 -3.6135924 0.0
4 747554 1.0 2 -0.44573778 3.9999995 0.8951636
5 570403 1.0 3 0.27366284 3.9999995 -0.96182567
6 729129 1.0 3 1.8649445 3.9999995 0.72248316
7 42 0.0307279 2 0.0 -3.9643621 0.0
8 611373 1.0 3 -0.63036966 3.9999995 -1.2659519
9 617006 1.0 2 -0.18374994 3.9999995 -0.98297304
10 698930 1.0 3 1.3901339 3.9999995 0.25986096
11 569398 0.413016 2 0.0 -0.823159 0.0
12 599607 1.0 2 0.18374951 3.9999995 0.9829731
13 1030200 0.053578 1 0.44573835 -3.7766063 0.8951633
14 752185 1.0 3 1.2023886 3.9999995 -0.74448746
15 344131 0.237317 2 0.0 -2.266851 0.0
16 472645 1.0 3 -0.8914755 3.9999995 1.7903271
17 825424 1.0 3 1.3187149 3.9999995 -0.51087284
18 718929 1.0 2 1.3187149 3.9999995 0.5108728
19 262227 1.0 3 1.2052692 3.9999995 1.5960344
20 601172 1.0 2 -0.79801744 3.9999995 -0.6026344
21 577628 0.296621 2 0.0 -1.7795589 0.0
22 518238 1.0 3 -3.9318922 3.9999995 -0.7349965
23 609808 1.0 3 0.3870179 3.9999995 1.3602269
24 100 0.0220572 1 1.0 -4.0356083 -4.371139E-8
25 642663 0.0492481 2 0.0 -3.8121846 0.0
26 462444 1.0 2 -0.51087165 3.9999995 1.3187153
27 682105 0.340222 2 0.0 -1.4212961 0.0
28 252027 1.0 2 0.8522541 3.9999995 1.1285667
29 777852 1.0 3 -0.18453504 3.9999995 1.9914684
30 678528 1.0 2 0.8951633 3.9999995 0.44573835
31 508037 1.0 2 -1.9236515 3.9999995 -0.54732484
32 747654 1.0 3 -1.0451161 3.9999995 0.95274997
33 508039 1.0 3 -3.729889 3.9999995 -1.4449655
34 731784 1.0 2 0.7980172 3.9999995 -0.60263467
35 528237 1.0 3 -2.720454 3.9999995 -0.7740342
36 617106 1.0 3 -0.38701856 3.9999995 -1.3602266
37 767854 1.0 3 -0.13048598 3.9999995 1.4081808
38 742596 0.330847 2 0.0 -1.4983292 0.0
39 599707 1.0 3 0.13048716 3.9999995 1.4081807
40 1030300 0.0348631 1 0.60263467 -3.930384 -0.7980172
41 767652 1.0 2 -0.13048598 3.9999995 1.4081808
42 737452 1.0 2 -0.44573778 3.9999995 0.8951636
43 601272 1.0 3 -0.85225457 3.9999995 -1.1285664
44 1020100 0.0360041 1 0.4457383 -3.9210086 -0.8951633
45 570402 1.0 2 0.0 3.9999995 0.0
46 462544 1.0 3 -0.54732454 3.9999995 1.9236516
47 845524 1.0 3 1.3901339 3.9999995 -0.25986108
48 591072 1.0 2 -0.79801744 3.9999995 -0.6026344
49 591073 1.0 3 -1.0451169 3.9999995 -0.9527489
50 678628 1.0 3 1.0451164 3.9999995 0.9527495
51 508137 1.0 3 -1.9236515 3.9999995 -0.54732484
52 731884 1.0 3 1.0451163 3.9999995 -0.9527496
53 835324 1.0 2 0.96182567 3.9999995 -0.27366295
54 580871 1.0 2 -0.79801744 3.9999995 -0.6026344
55 590602 1.0 2 -0.93247217 3.9999995 0.36124188
56 590603 1.0 3 -1.3187147 3.9999995 0.51087314
57 737552 1.0 3 -0.85225344 3.9999995 1.1285672
58 497937 1.0 2 -1.3602271 3.9999995 -0.38701713
59 497938 1.0 3 -1.3602271 3.9999995 -0.38701713
60 719130 1.0 3 1.3187149 3.9999995 0.5108728
61 508038 1.0 2 -2.720454 3.9999995 -0.7740342
62 1020200 0.0280673 1 0.09226809 -3.986224 -0.9957342
63 518445 0.713265 2 -0.79801744 1.6439419 -0.6026344
64 597294 0.14279 2 0.0 -3.0435648 0.0
65 1025856 0.0434803 2 0.0 -3.8595777 0.0
66 708930 1.0 2 0.8951633 3.9999995 0.44573835
67 708931 1.0 3 1.2023885 3.9999995 0.7444875
68 252229 1.0 3 0.8522541 3.9999995 1.1285667
69 762183 1.0 3 0.7980172 3.9999995 -0.60263467
70 564041 0.232656 2 -0.44573778 -2.3051496 0.8951636
71 650571 0.309586 2 0.0 -1.6730275 0.0
72 601959 0.0377818 2 0.0 -3.9064014 0.0
73 580971 1.0 3 -1.2023888 3.9999995 -0.7444873
74 242029 1.0 2 0.60263467 3.9999995 0.7980172
75 590702 1.0 3 -0.93247217 3.9999995 0.36124188
76 751983 1.0 2 0.7980172 3.9999995 -0.60263467
77 10100 0.0457676 1 -1.0 -3.8407834 1.1924881E-8
78 637306 1.0 3 -0.18374994 3.9999995 -0.98297304
79 619908 1.0 3 0.18374951 3.9999995 0.9829731
80 757654 1.0 2 -0.44573778 3.9999995 0.8951636
81 10128 0.0544371 2 0.0 -3.7695472 0.0
82 518037 1.0 2 -2.720454 3.9999995 -0.7740342
83 580502 1.0 2 0.0 3.9999995 0.0
84 580503 1.0 3 -0.9829731 3.9999995 0.18374963
85 621472 1.0 3 -0.79801744 3.9999995 -0.6026344
86 627106 1.0 2 -0.18374994 3.9999995 -0.98297304
87 709030 1.0 3 0.8951633 3.9999995 0.44573835
88 609708 1.0 2 0.18374951 3.9999995 0.9829731
89 482744 1.0 3 -0.51087165 3.9999995 1.3187153
90 835525 1.0 3 0.96182567 3.9999995 -0.27366295
91 611272 1.0 2 -0.79801744 3.9999995 -0.6026344
92 698830 1.0 2 0.8951633 3.9999995 0.44573835
93 242129 1.0 3 0.60263467 3.9999995 0.7980172
94 10200 0.0271146 1 -0.850217 -3.9940522 0.52643245
95 757754 1.0 3 -0.44573778 3.9999995 0.8951636
96 472544 1.0 2 -0.51087165 3.9999995 1.3187153
97 825324 1.0 2 0.96182567 3.9999995 -0.27366295
98 677137 0.190192 2 0.0 -2.65407 0.0
99 580602 1.0 3 0.0 3.9999995 0.0
