143 76
0 142
107 126
20 95
77 133
50 91
79 127
84 128
120 140
93 137
17 86
87 102
58 52
45 112
21 13
108 119
132 34
44 124
65 96
24 57
123 5
123 114
59 81
82 73
82 83
42 43
14 3
138 55
103 72
103 104
109 98
125 118
97 85
88 113
56 41
46 47
46 76
122 32
89 90
22 15
141 131
134 135
105 106
48 35
129 16
129 130
69 60
110 111
27 28
63 54
30 31
53 40
99 100
11 2
11 12
115 136
18 25
74 75
74 101
4 62
116 117
92 39
1 29
10 38
37 68
70 71
141 26
78 64
36 67
65 66
6 7
61 49
94 121
19 8
51 80
9 33
139 23
0 0 0.03559 1 0.0 -5.6568537 0.0
1 658436 1.0 2 -0.9960498 5.6568537 0.08879635
2 445445 1.0 3 1.1402053 5.6568537 2.5884223
3 676360 1.0 3 5.2421474 5.6568537 -2.1260018
4 631307 1.0 2 -0.98507226 5.6568537 -1.0147082
5 646161 1.0 3 2.2980595 5.6568537 -1.6489152
6 601108 1.0 2 -0.73783356 5.6568537 -0.6749827
7 601109 1.0 3 -1.2384765 5.6568537 -0.6827708
8 637983 1.0 3 1.6911919 5.6568537 1.0676467
9 669872 1.0 2 -0.7378327 5.6568537 0.6749836
10 679972 1.0 2 -0.7378327 5.6568537 0.6749836
11 435245 1.0 2 0.6964033 5.6568537 1.8748392
12 435246 1.0 3 0.82606125 5.6568537 2.7051103
13 47 0.0449071 2 0.0 -5.5475526 0.0
14 666160 1.0 2 3.611191 5.6568537 -1.7202605
15 576053 1.0 3 1.5800915 5.6568537 -2.3459134
16 620087 1.0 3 -0.5085304 5.6568537 0.86104405
17 1030200 0.0628018 1 0.05924063 -5.337626 0.99824375
18 609887 1.0 2 0.0 5.6568537 0.0
19 627783 1.0 2 1.1958534 5.6568537 0.7549403
20 476243 0.628866 2 0.0 1.3029985 0.0
21 100 0.0317987 1 0.50853115 -5.70133 0.8610436
22 565853 1.0 2 1.0170621 5.6568537 -1.7220871
23 728158 1.0 3 1.9991215 5.6568537 -0.059266794
24 625759 1.0 2 1.7514697 5.6568537 -0.9655844
25 609888 1.0 3 0.1768903 5.6568537 0.9842306
26 742497 1.0 3 -0.05923932 5.6568537 0.9982438
27 639588 1.0 2 0.9785565 5.6568537 0.20597853
28 639589 1.0 3 1.3838879 5.6568537 0.29129764
29 658536 1.0 3 -1.3397217 5.6568537 0.45293024
30 609387 1.0 2 0.0 5.6568537 0.0
31 609388 1.0 3 0.60680014 5.6568537 0.7948544
32 709238 1.0 3 -2.8271847 5.6568537 -0.08381473
33 669972 1.0 3 -1.09817 5.6568537 0.89107937
34 5756 0.0440539 2 0.50853115 -5.557562 0.8610436
35 762496 1.0 3 -0.41302916 5.6568537 1.3525556
36 717957 1.0 2 1.2767489 5.6568537 -0.608204
37 599687 1.0 2 0.0 5.6568537 0.0
38 680073 1.0 3 -0.98507124 5.6568537 1.0147091
39 732298 1.0 3 -0.45662948 5.6568537 -0.88965696
40 435345 1.0 3 0.6964033 5.6568537 1.8748392
41 565955 1.0 3 1.291542 5.6568537 -2.5163302
42 666261 1.0 2 3.611191 5.6568537 -1.7202605
43 666262 1.0 3 4.953904 5.6568537 -2.731085
44 635547 0.998282 2 1.2767489 5.6366997 -0.608204
45 1030300 0.0447237 1 0.7765239 -5.549704 0.63008785
46 699038 1.0 2 -1.9991215 5.6568537 0.059267923
47 699039 1.0 3 -2.767775 5.6568537 0.582597
48 752296 1.0 2 -0.2348847 5.6568537 0.97202325
49 627883 1.0 3 1.1958534 5.6568537 0.7549403
50 597677 0.647394 2 0.0 1.5203543 0.0
51 722096 1.0 2 0.0 5.6568537 0.0
52 622261 0.0631199 2 0.0 -5.3338943 0.0
53 425145 1.0 2 0.49243152 5.6568537 1.3257116
54 425146 1.0 3 0.49243152 5.6568537 1.3257116
55 630971 1.0 3 0.16726288 5.6568537 -1.4042873
56 565954 1.0 2 1.0170621 5.6568537 -1.7220871
57 625859 1.0 3 2.086907 5.6568537 -1.9091406
58 1020100 0.046394 1 0.94732636 -5.5301094 0.32026976
59 590369 1.0 2 0.05924036 5.6568537 -0.99824375
60 639688 1.0 3 0.9785565 5.6568537 0.20597853
61 617682 1.0 2 0.845596 5.6568537 0.5338234
62 631509 1.0 3 -1.305645 5.6568537 -1.5150217
63 414944 1.0 2 0.34820166 5.6568537 0.93741965
64 748257 1.0 3 1.3056439 5.6568537 -1.5150225
65 620771 1.0 2 0.05924036 5.6568537 -0.99824375
66 620772 1.0 3 -0.3321801 5.6568537 -1.3746477
67 718057 1.0 3 1.9780803 5.6568537 -0.29529324
68 599787 1.0 3 0.696551 5.6568537 0.71750724
69 629488 1.0 2 0.0 5.6568537 0.0
70 629489 1.0 2 0.0 5.6568537 0.0
71 629490 1.0 3 0.9960498 5.6568537 0.08879582
72 610771 1.0 3 0.33217856 5.6568537 -1.3746481
73 666361 1.0 3 3.611191 5.6568537 -1.7202605
74 621309 1.0 2 -0.98507226 5.6568537 -1.0147082
75 621310 1.0 3 -1.624974 5.6568537 -1.1659584
76 699138 1.0 3 -2.817254 5.6568537 0.25115398
77 576263 0.633806 2 0.0 1.3609505 0.0
78 738057 1.0 2 1.2767489 5.6568537 -0.608204
79 589067 0.674066 2 0.0 1.8332496 0.0
80 722196 1.0 3 0.9027979 5.6568537 0.4300651
81 590469 1.0 3 -7.9798406E-7 5.6568537 -1.4142135
82 656161 1.0 2 2.6210737 5.6568537 -1.0630009
83 656162 1.0 3 3.8585417 5.6568537 -1.0543487
84 595748 0.705047 2 0.84559596 2.1966949 -0.53382343
85 566054 1.0 3 1.0170621 5.6568537 -1.7220871
86 1030241 0.0876778 2 0.0 -5.0458 0.0
87 1020200 0.0410214 1 -0.3482018 -5.593137 -0.9374196
88 688937 1.0 2 -1.4135925 5.6568537 0.041908752
89 688938 1.0 2 -1.9991215 5.6568537 0.059267923
90 688939 1.0 3 -2.797428 5.6568537 -0.41760686
91 617782 1.0 3 0.845596 5.6568537 0.5338234
92 732297 1.0 2 0.0 5.6568537 0.0
93 579388 0.972746 2 0.0 5.3371305 0.0
94 630087 1.0 2 0.0 5.6568537 0.0
95 415044 1.0 3 0.34820166 5.6568537 0.93741965
96 620871 1.0 3 -0.16726446 5.6568537 -1.4042872
97 555854 1.0 2 0.7191715 5.6568537 -1.2176995
98 555855 1.0 3 0.7191715 5.6568537 -1.2176995
99 629587 1.0 2 0.0 5.6568537 0.0
100 629589 1.0 3 -0.9646356 5.6568537 -0.26358706
101 621409 1.0 3 -1.4756674 5.6568537 -1.349965
102 601959 0.0579369 2 0.0 -5.394697 0.0
103 610671 1.0 2 0.05924036 5.6568537 -0.99824375
104 610672 1.0 3 0.49243116 5.6568537 -1.3257117
105 752497 1.0 2 -0.2348847 5.6568537 0.97202325
106 752498 1.0 3 -0.25015897 5.6568537 1.3919125
107 587635 0.595684 2 0.0 0.913733 0.0
108 10100 0.0492671 1 -0.9027977 -5.4964046 0.43006548
109 545654 1.0 2 0.84559596 5.6568537 -0.53382343
110 619389 1.0 2 0.0 5.6568537 0.0
111 619390 1.0 3 -0.8455958 5.6568537 0.5338237
112 1025351 0.0594084 2 0.0 -5.3774347 0.0
113 719236 1.0 3 -1.9991215 5.6568537 0.059267923
114 656261 1.0 3 2.6210737 5.6568537 -1.0630009
115 611208 1.0 2 -0.73783356 5.6568537 -0.6749827
116 611209 1.0 2 -0.98507226 5.6568537 -1.0147082
117 611210 1.0 3 -1.1172942 5.6568537 -1.6588109
118 689037 1.0 3 -1.4135925 5.6568537 0.041908752
119 6565 0.0612544 2 0.0 -5.3557787 0.0
120 639473 0.927606 2 0.0 4.807583 0.0
121 630187 1.0 3 -0.9266896 5.6568537 -0.37582758
122 709036 1.0 2 -1.9991215 5.6568537 0.059267923
123 646061 1.0 2 1.7514697 5.6568537 -0.9655844
124 646062 1.0 3 1.7514697 5.6568537 -0.9655844
125 678837 1.0 2 -0.9960498 5.6568537 0.08879635
126 678838 1.0 3 -0.9960498 5.6568537 0.08879635
127 640969 1.0 3 0.05924036 5.6568537 -0.99824375
128 738258 1.0 3 1.2767489 5.6568537 -0.608204
129 619987 1.0 2 0.0 5.6568537 0.0
130 619988 1.0 3 -0.60679954 5.6568537 0.7948549
131 752597 1.0 3 -0.2348847 5.6568537 0.97202325
132 10200 0.0361153 1 0.71917164 -5.6506915 1.2176995
133 545754 1.0 3 0.84559596 5.6568537 -0.53382343
134 619487 1.0 2 0.0 5.6568537 0.0
135 619489 1.0 3 -0.40312254 5.6568537 0.915146
136 641507 1.0 3 -0.98507226 5.6568537 -1.0147082
137 611308 1.0 3 -0.73783356 5.6568537 -0.6749827
138 630769 1.0 2 0.05924036 5.6568537 -0.99824375
139 728058 1.0 2 1.2767489 5.6568537 -0.608204
140 690172 1.0 3 -0.7378327 5.6568537 0.6749836
141 742397 1.0 2 0.0 5.6568537 0.0
142 742398 1.0 3 0.0 5.6568537 0.0
