123 62
0 122
66 96
40 120
6 117
34 97
112 100
99 95
13 22
46 51
71 88
37 90
23 67
15 92
114 29
47 39
33 58
107 3
93 83
84 74
109 48
76 103
56 57
53 77
42 43
121 20
11 36
25 50
30 31
119 18
118 110
115 105
85 86
81 79
59 49
78 70
54 55
44 45
21 12
5 32
91 69
30 52
113 102
72 94
101 1
38 63
104 28
75 68
9 10
8 35
80 87
73 98
2 62
111 7
26 27
64 16
108 4
116 14
106 82
65 89
19 41
24 17
60 61
0 0 0.0359125 1 0.0 -3.9999995 0.0
1 631305 1.0 3 2.207409 3.9999995 -1.7684299
2 640770 1.0 2 -0.35940823 3.9999995 -0.93318045
3 678940 1.0 3 0.23522499 3.9999995 -1.394514
4 607778 1.0 3 2.7259064 3.9999995 -0.75460786
5 687657 1.0 2 1.7646676 3.9999995 0.9412479
6 606250 0.81156 2 0.9998604 2.4363241 -0.016709905
7 576558 1.0 3 2.5182054 3.9999995 -1.2878817
8 621104 1.0 2 1.6513194 3.9999995 -1.1283368
9 621105 1.0 2 1.6513194 3.9999995 -1.1283368
10 621106 1.0 3 2.3749926 3.9999995 -1.5360367
11 701492 1.0 2 1.3803141 3.9999995 -0.30778706
12 738358 1.0 3 3.620152 3.9999995 1.7013215
13 1030200 0.0626891 1 0.06679264 -3.7778072 0.99776685
14 455749 1.0 3 2.802577 3.9999995 0.38152465
15 10100 0.0486596 1 0.19918598 -3.8942242 0.9799617
16 610572 1.0 3 0.53808224 3.9999995 -0.84289235
17 596554 1.0 3 2.5802035 3.9999995 -1.158684
18 656462 1.0 3 1.3562427 3.9999995 0.4007566
19 566357 1.0 2 1.8244795 3.9999995 -0.81931335
20 630870 1.0 3 -0.48058224 3.9999995 -0.87694967
21 728158 1.0 2 2.5894883 3.9999995 1.1377823
22 1030240 0.0873984 2 0.0 -3.5727694 0.0
23 100 0.031612 1 0.32802486 -4.035685 0.94466907
24 586354 1.0 2 1.8244795 3.9999995 -0.81931335
25 646261 1.0 2 0.9998604 3.9999995 -0.016709905
26 646262 1.0 2 0.9998604 3.9999995 -0.016709905
27 646263 1.0 3 1.0085875 3.9999995 -0.99133813
28 709240 1.0 3 0.84186906 3.9999995 -1.8141819
29 5756 0.0440789 2 0.32802486 -3.9322348 0.94466907
30 620670 1.0 2 0.0 3.9999995 0.0
31 620672 1.0 3 0.5659471 3.9999995 0.82444155
32 687757 1.0 3 2.4249933 3.9999995 1.4558179
33 648337 1.0 2 0.23181991 3.9999995 -0.9727587
34 516755 0.811901 2 1.3803141 2.4391537 -0.30778706
35 621204 1.0 3 2.4497433 3.9999995 -1.4137738
36 701592 1.0 3 1.9442606 3.9999995 0.468882
37 1030300 0.0443437 1 0.6707848 -3.9300375 0.7416521
38 699040 1.0 2 0.5082788 3.9999995 -1.3197168
39 486049 1.0 3 2.779656 3.9999995 0.5229832
40 588965 0.808599 2 0.0 2.4117541 0.0
41 566457 1.0 3 2.6355782 3.9999995 -1.0265117
42 611004 1.0 2 1.3803141 3.9999995 -0.30778706
43 611006 1.0 3 1.9928417 3.9999995 0.16905986
44 728258 1.0 2 2.5894883 3.9999995 1.1377823
45 728259 1.0 3 3.7016761 3.9999995 1.5157801
46 1020100 0.0466194 1 0.6456278 -3.9111536 -0.76365227
47 475849 1.0 2 1.974251 3.9999995 0.3198945
48 742093 1.0 3 2.788263 3.9999995 -0.47496074
49 676561 1.0 3 1.6017871 3.9999995 1.1976134
50 646361 1.0 3 1.0575035 3.9999995 -0.9389816
51 612060 0.0634247 2 0.0 -3.7717032 0.0
52 620770 1.0 3 0.45101014 3.9999995 0.8925188
53 600804 1.0 2 1.3803141 3.9999995 -0.30778706
54 718059 1.0 2 1.7646676 3.9999995 0.9412479
55 718060 1.0 3 2.495617 3.9999995 1.3311255
56 629487 1.0 2 1.3803141 3.9999995 -0.30778706
57 629488 1.0 3 1.9997207 3.9999995 -0.033420045
58 648437 1.0 3 0.047255564 3.9999995 -1.4134238
59 666361 1.0 2 1.2478086 3.9999995 0.6655628
60 636161 1.0 2 0.9998604 3.9999995 -0.016709905
61 636162 1.0 3 1.0411499 3.9999995 0.95708245
62 640771 1.0 3 -0.50828 3.9999995 -1.3197165
63 699141 1.0 3 0.5925505 3.9999995 -1.9102051
64 610570 1.0 2 0.0 3.9999995 0.0
65 627980 1.0 2 1.9275069 3.9999995 -0.53358835
66 587536 0.703912 2 0.0 1.5430613 0.0
67 46 0.0451951 2 0.0 -3.9229724 0.0
68 641304 1.0 3 2.2941453 3.9999995 -1.6543566
69 708059 1.0 3 2.348145 3.9999995 1.5767732
70 728358 1.0 3 2.5894883 3.9999995 1.1377823
71 1020200 0.0403633 1 -0.10009602 -3.9630668 -0.9949778
72 688941 1.0 2 0.23181991 3.9999995 -0.9727587
73 600370 1.0 2 0.0 3.9999995 0.0
74 689971 1.0 3 1.9860797 3.9999995 -0.235557
75 631104 1.0 2 1.6513194 3.9999995 -1.1283368
76 630087 1.0 2 1.3803141 3.9999995 -0.30778706
77 600904 1.0 3 1.9988467 3.9999995 0.067907065
78 718158 1.0 2 1.7646676 3.9999995 0.9412479
79 718159 1.0 3 1.7646676 3.9999995 0.9412479
80 630670 1.0 2 0.0 3.9999995 0.0
81 666454 1.0 2 1.2478086 3.9999995 0.6655628
82 638180 1.0 3 2.760628 3.9999995 -0.61557436
83 731994 1.0 3 1.9715998 3.9999995 -0.33584797
84 679771 1.0 2 1.3803141 3.9999995 -0.30778706
85 666461 1.0 2 1.2478086 3.9999995 0.6655628
86 666462 1.0 3 1.8868492 3.9999995 0.6631739
87 640870 1.0 3 -0.35940823 3.9999995 -0.93318045
88 601959 0.0558673 2 0.0 -3.8344145 0.0
89 628080 1.0 3 2.6841874 3.9999995 -0.89170426
90 1025351 0.0592469 2 0.0 -3.8063707 0.0
91 707959 1.0 2 1.7646676 3.9999995 0.9412479
92 6464 0.0611198 2 0.0 -3.7908294 0.0
93 721794 1.0 2 1.3803141 3.9999995 -0.30778706
94 719238 1.0 3 0.5082788 3.9999995 -1.3197168
95 648078 1.0 3 1.9275069 3.9999995 -0.53358835
96 689041 1.0 3 0.23181991 3.9999995 -0.9727587
97 476050 1.0 3 1.974251 3.9999995 0.3198945
98 600470 1.0 3 -0.23182054 3.9999995 -0.9727586
99 597573 0.908911 2 1.3803141 3.244143 -0.30778706
100 586658 1.0 3 1.8244795 3.9999995 -0.81931335
101 631205 1.0 2 1.6513194 3.9999995 -1.1283368
102 631206 1.0 3 1.6513194 3.9999995 -1.1283368
103 630187 1.0 3 1.9954613 3.9999995 -0.13466136
104 709038 1.0 2 0.5082788 3.9999995 -1.3197168
105 615859 1.0 3 1.088289 3.9999995 0.9031207
106 637878 1.0 2 1.9275069 3.9999995 -0.53358835
107 678840 1.0 2 0.23181991 3.9999995 -0.9727587
108 607678 1.0 2 1.9275069 3.9999995 -0.53358835
109 731893 1.0 2 1.9715998 3.9999995 -0.33584797
110 666561 1.0 3 1.2478086 3.9999995 0.6655628
111 576458 1.0 2 1.8244795 3.9999995 -0.81931335
112 576462 0.857325 2 1.3803141 2.8160825 -0.30778706
113 619987 1.0 2 1.3803141 3.9999995 -0.30778706
114 10200 0.0359044 1 0.46389723 -4.0000668 1.3359638
115 615759 1.0 2 0.9998604 3.9999995 -0.016709905
116 455649 1.0 2 1.974251 3.9999995 0.3198945
117 721894 1.0 3 1.3803141 3.9999995 -0.30778706
118 656361 1.0 2 0.9998604 3.9999995 -0.016709905
119 656362 1.0 2 0.9998604 3.9999995 -0.016709905
120 656363 1.0 3 0.9998604 3.9999995 -0.016709905
121 630770 1.0 2 0.0 3.9999995 0.0
122 630772 1.0 3 0.0 3.9999995 0.0
