118 61
0 115
61 91
102 98
22 112
54 110
101 100
40 93
12 19
44 41
64 83
34 86
17 8
84 70
105 29
116 63
109 99
42 62
78 6
9 10
9 33
71 1
51 45
103 104
81 69
79 67
75 76
72 94
111 14
108 106
88 89
85 74
50 80
49 47
52 46
18 43
23 24
56 11
30 31
35 53
26 27
107 13
57 58
117 60
114 16
68 90
77 82
39 59
96 32
73 92
97 5
30 48
65 66
2 25
113 15
3 4
38 7
65 87
20 21
36 37
36 55
95 28
0 0 0.0358653 1 0.0 -3.9999995 0.0
1 631306 1.0 3 3.459526 3.9999995 2.0079033
2 711693 1.0 2 1.1476551 3.9999995 0.82637024
3 646162 1.0 2 0.8808427 3.9999995 0.47340906
4 646163 1.0 3 1.3668575 3.9999995 -0.36290568
5 678939 1.0 3 -0.15467416 3.9999995 -1.4057297
6 731995 1.0 3 2.3481572 3.9999995 1.5767552
7 546055 1.0 3 1.8600513 3.9999995 2.1307762
8 46 0.0451522 2 0.0 -3.9229405 0.0
9 621106 1.0 2 2.5338762 3.9999995 1.2567695
10 621107 1.0 3 3.6920133 3.9999995 1.5391668
11 738358 1.0 3 3.992022 3.9999995 -0.2524991
12 1030200 0.0627082 1 0.07299532 -3.777268 0.9973323
13 455748 1.0 3 -1.0532666 3.9999995 -0.94373155
14 656461 1.0 3 1.3876661 3.9999995 -0.27273193
15 566357 1.0 3 1.7167094 3.9999995 2.2478673
16 630871 1.0 3 -0.9054483 3.9999995 -0.42445657
17 100 0.031638 1 0.21743017 -4.035076 0.9760759
18 728158 1.0 2 2.8154328 3.9999995 -0.27080703
19 1030240 0.0874281 2 0.0 -3.5721524 0.0
20 639587 1.0 2 1.1476551 3.9999995 0.82637024
21 639588 1.0 3 1.9306647 3.9999995 0.52204734
22 578664 0.786285 2 0.0 2.2266788 0.0
23 676460 1.0 2 2.8284194 3.9999995 0.0064574415
24 676461 1.0 3 3.999989 3.9999995 0.009132202
25 711793 1.0 3 1.8923875 3.9999995 0.6472011
26 646261 1.0 2 0.8808427 3.9999995 0.47340906
27 646262 1.0 3 0.4515254 3.9999995 1.3401958
28 709240 1.0 3 0.91448486 3.9999995 -1.778684
29 5756 0.044076 2 0.21743017 -3.9318705 0.9760759
30 620671 1.0 2 0.0 3.9999995 0.0
31 620672 1.0 3 0.8720494 3.9999995 -0.48941788
32 638081 1.0 3 3.9213488 3.9999995 0.7893162
33 621206 1.0 3 3.583442 3.9999995 1.7773404
34 1030300 0.0443979 1 0.7914965 -3.9291995 -0.6111737
35 636061 1.0 2 0.8808427 3.9999995 0.47340906
36 699040 1.0 2 0.4566221 3.9999995 -1.3384678
37 699041 1.0 3 0.36327413 3.9999995 -1.9667312
38 545955 1.0 2 1.3152549 3.9999995 1.5066864
39 627881 1.0 2 2.7895892 3.9999995 0.46710834
40 597674 0.861582 2 1.1476551 2.8514628 0.82637024
41 622261 0.0633789 2 0.0 -3.7717028 0.0
42 611005 1.0 2 1.7917211 3.9999995 0.88867027
43 728259 1.0 3 3.9669607 3.9999995 -0.5130492
44 1020100 0.0465856 1 0.6940742 -3.9110467 -0.7199034
45 742094 1.0 3 2.2400048 3.9999995 1.726956
46 676560 1.0 3 2.8284194 3.9999995 0.0064574415
47 748255 1.0 3 2.8154328 3.9999995 -0.27080703
48 620771 1.0 3 0.9340161 3.9999995 -0.35723096
49 718059 1.0 2 1.9908117 3.9999995 -0.19148949
50 666353 1.0 2 1.411393 3.9999995 -0.089271925
51 731894 1.0 2 1.6230292 3.9999995 1.168664
52 666360 1.0 2 1.9999946 3.9999995 0.004566101
53 636161 1.0 3 0.53821164 3.9999995 1.3077952
54 606251 0.792522 2 0.8808427 2.2784314 0.47340906
55 699140 1.0 3 0.64576113 3.9999995 -1.8928794
56 738055 1.0 2 2.8154328 3.9999995 -0.27080703
57 610571 1.0 2 0.0 3.9999995 0.0
58 610572 1.0 3 0.581859 3.9999995 -0.8132897
59 627981 1.0 3 3.9645765 3.9999995 0.5311578
60 475949 1.0 3 -1.1794511 3.9999995 -0.7803172
61 587536 0.686394 2 0.0 1.3978238 0.0
62 641305 1.0 3 2.5338762 3.9999995 1.2567695
63 611105 1.0 3 1.7917211 3.9999995 0.88867027
64 1020200 0.0404563 1 -0.2529333 -3.9619052 -0.9674837
65 688940 1.0 2 0.18163684 3.9999995 -0.98336565
66 688941 1.0 3 0.05164997 3.9999995 -1.41327
67 689971 1.0 3 1.1073408 3.9999995 1.6654717
68 617780 1.0 2 1.9725375 3.9999995 0.33029547
69 586557 1.0 3 1.9954282 3.9999995 2.004561
70 6464 0.0611314 2 0.0 -3.7903516 0.0
71 631105 1.0 2 2.5338762 3.9999995 1.2567695
72 630087 1.0 2 1.1476551 3.9999995 0.82637024
73 600371 1.0 2 0.0 3.9999995 0.0
74 718159 1.0 3 1.9908117 3.9999995 -0.19148949
75 629587 1.0 2 1.1476551 3.9999995 0.82637024
76 629588 1.0 3 0.99604285 3.9999995 1.7343293
77 630670 1.0 2 0.0 3.9999995 0.0
78 731994 1.0 2 1.6230292 3.9999995 1.168664
79 679771 1.0 2 1.1476551 3.9999995 0.82637024
80 666462 1.0 3 1.9999946 3.9999995 0.004566101
81 576357 1.0 2 1.3152549 3.9999995 1.5066864
82 640870 1.0 3 -0.5209402 3.9999995 -0.8535932
83 601959 0.0561543 2 0.0 -3.8316495 0.0
84 10100 0.0487456 1 -0.6396729 -3.893124 -0.76864725
85 707958 1.0 2 1.411393 3.9999995 -0.089271925
86 1025351 0.0592695 2 0.0 -3.805801 0.0
87 719237 1.0 3 0.4566221 3.9999995 -1.3384678
88 656262 1.0 2 0.8808427 3.9999995 0.47340906
89 656263 1.0 3 1.4109708 3.9999995 0.09571554
90 648078 1.0 3 2.7895892 3.9999995 0.46710834
91 689040 1.0 3 0.18163684 3.9999995 -0.98336565
92 600471 1.0 3 -0.39110458 3.9999995 -0.92034626
93 617880 1.0 3 1.9725375 3.9999995 0.33029547
94 630187 1.0 3 0.8804797 3.9999995 1.7957603
95 709037 1.0 2 0.4566221 3.9999995 -1.3384678
96 637878 1.0 2 2.7895892 3.9999995 0.46710834
97 678839 1.0 2 0.18163684 3.9999995 -0.98336565
98 465849 1.0 3 -0.79149646 3.9999995 -0.61117375
99 732094 1.0 3 1.6230292 3.9999995 1.168664
100 576457 1.0 3 1.3152549 3.9999995 1.5066864
101 576462 0.815803 2 1.1476551 2.4716077 0.82637024
102 516856 0.779328 2 0.0 2.168953 0.0
103 619987 1.0 2 1.1476551 3.9999995 0.82637024
104 619988 1.0 3 1.5006648 3.9999995 1.3221213
105 10200 0.035936 1 0.3074927 -3.9994128 1.3803797
106 708058 1.0 3 1.411393 3.9999995 -0.089271925
107 455648 1.0 2 -0.79149646 3.9999995 -0.61117375
108 656354 1.0 2 0.8808427 3.9999995 0.47340906
109 721894 1.0 2 1.1476551 3.9999995 0.82637024
110 721895 1.0 3 1.1476551 3.9999995 0.82637024
111 656361 1.0 2 0.8808427 3.9999995 0.47340906
112 656362 1.0 3 0.8808427 3.9999995 0.47340906
113 566257 1.0 2 1.3152549 3.9999995 1.5066864
114 630771 1.0 2 0.0 3.9999995 0.0
115 630772 1.0 3 0.0 3.9999995 0.0
116 609788 1.0 2 1.1476551 3.9999995 0.82637024
117 465749 1.0 2 -0.79149646 3.9999995 -0.61117375
